9 8 100 5000 5000 1 30 400 3 8 8 0.0 4444 1 42 1 1
9 8 100 5000 5000 1 30 400 3 8 8 0.0 4444 2 42 1 1
9 8 100 5000 5000 1 30 400 3 8 8 0.0 4444 3 42 1 1
9 8 100 5000 5000 1 30 400 3 8 8 0.0 4444 4 42 1 1
9 8 100 5000 5000 1 30 400 3 8 8 0.0 4444 5 42 1 1
9 8 100 5000 5000 1 30 400 3 8 8 0.0 4444 1 42 1 1.5
9 8 100 5000 5000 1 30 400 3 8 8 0.0 4444 2 42 1 1.5
9 8 100 5000 5000 1 30 400 3 8 8 0.0 4444 3 42 1 1.5
9 8 100 5000 5000 1 30 400 3 8 8 0.0 4444 4 42 1 1.5
9 8 100 5000 5000 1 30 400 3 8 8 0.0 4444 5 42 1 1.5
9 8 100 5000 5000 1 30 400 3 8 8 -0.5 4444 1 42 1 1
9 8 100 5000 5000 1 30 400 3 8 8 -0.5 4444 2 42 1 1
9 8 100 5000 5000 1 30 400 3 8 8 -0.5 4444 3 42 1 1
9 8 100 5000 5000 1 30 400 3 8 8 -0.5 4444 4 42 1 1
9 8 100 5000 5000 1 30 400 3 8 8 -0.5 4444 5 42 1 1
9 8 100 5000 5000 1 30 400 3 8 8 -0.5 4444 1 42 1 1.5
9 8 100 5000 5000 1 30 400 3 8 8 -0.5 4444 2 42 1 1.5
9 8 100 5000 5000 1 30 400 3 8 8 -0.5 4444 3 42 1 1.5
9 8 100 5000 5000 1 30 400 3 8 8 -0.5 4444 4 42 1 1.5
9 8 100 5000 5000 1 30 400 3 8 8 -0.5 4444 5 42 1 1.5
